179
25
77
241
133
178
131
2
42
181
211
166
33
51
147
151
75
234
237
143
171
106
200
37
215
129
201
81
17
112
154
244
117
135
113
141
260
32
206
204
127
210
219
134
35
229
232
92
252
150
128
203
67
168
180
130
9
16
74
65
189
257
50
174
53
27
83
21
233
89
72
118
187
239
249
265
248
139
26
88
41
22
86
90
190
123
12
188
80
7
217
238
119
69
107
47
152
108
49
213
102
140
43
24
14
3
13
196
161
186
255
98
253
63
177
160
54
153
109
182
145
142
263
230
256
214
116
164
261
159
209
136
259
46
223
222
120
76
157
23
132
207
59
173
48
212
224
235
195
55
10
122
101
202
19
70
6
8
246
167
28
247
94
226
125
158
18
38
15
165
172
30
183
100
137
243
144
205
78
156
169
264
170
262
231
185
191
44
114
4
71
126
208
121
193
58
31
184
228
236
124
45
216
227
115
240
221
99
242
66
254
85
91
192
149
251
218
60
73
258
11
197
148
52
87
146
57
40
68
175
56
64
111
162
79
225
1
194
96
20
82
36
138
220
176
84
39
163
155
97
250
245
62
95
34
29
93
61
5
198