143
162
33
80
210
248
9
235
44
6
176
237
92
3
112
180
37
217
187
124
158
215
129
11
77
29
81
178
93
54
255
27
64
199
10
28
116
193
136
260
50
75
87
125
242
139
202
245
140
55
19
59
238
133
156
30
49
254
224
201
1
253
41
82
60
179
209
257
251
51
90
146
134
94
108
109
118
36
167
240
170
226
232
243
247
150
72
100
256
208
177
258
184
114
91
25
155
190
148
211
241
259
200
71
228
35
88
135
120
99
182
12
161
225
165
219
20
13
163
38
63
16
132
144
236
14
66
67
107
213
233
78
189
218
119
122
252
40
230
21
57
141
229
262
69
131
79
264
191
223
23
8
138
166
171
152
56
195
43
48
250
173
68
113
196
234
222
154
172
111
15
130
142
160
197
17
4
98
212
73
18
153
188
86
58
76
261
194
186
34
123
45
244
185
168
117
175
183
127
65
95
106
121
174
52
70
149
32
203
126
53
206
89
164
239
263
39
5
24
151
227
221
115
216
249
265
102
157
83
42
47
159
46
85
96
74
137
231
220
198
207
84
7
145
181
97
169
192
147
205
246
128
101
26
22
214
204
2
61
62
31